Model,ECS(*),𝜆𝐺 (*),ECS,TCR,λ,𝜏0 ,τ 1,𝜏2 ,𝐴0 ,𝐴1 ,𝐴2 ,β,ℎ𝑇 
ACCESS1.0,3.83,0.78,3.76,1.93,0.99,1.27,8.75,212,0.248,0.217,0.535,1.02,1170
ACCESS1.3,3.45,0.86,3.22,1.66,1.15,0.72,6.52,233,0.145,0.332,0.523,1.07,1470
BCC-CSM1.1,2.82,1.14,2.73,1.83,1.36,0.76,6.80,131,0.260,0.367,0.373,1.03,720
BCC-CSM1.1(m),2.87,1.24,3.10,2.16,1.20,0.43,6.31,99,0.242,0.384,0.373,0.93,490
BNU-ESM,4.11,0.92,4.08,2.39,0.91,1.48,9.79,362,0.277,0.326,0.398,1.01,1390
CanESM2,3.69,1.04,3.63,2.27,1.02,2.24,23.41,250,0.447,0.222,0.332,1.02,940
CCSM4,2.89,1.23,2.80,1.75,1.33,0.13,4.09,156,0.160,0.405,0.435,1.03,950
CNRM-CM5,3.25,1.14,3.07,2.00,1.21,0.64,9.39,323,0.236,0.444,0.320,1.06,1340
CSIRO-Mk3.6.0,4.08,0.63,3.55,1.64,1.04,0.81,8.34,203,0.187,0.209,0.605,1.15,1340
FGOALS-g2 (**),3.45,0.84,2.46,1.32,1.50,1.92,43.71,346,0.370,0.287,0.343,1.40,2050
FGOALS-s2,4.17,0.92,4.14,2.25,0.89,0.05,4.67,301,0.088,0.433,0.479,1.01,1350
GFDL-CM3,3.97,0.75,3.85,1.93,0.96,2.56,38.07,370,0.351,0.236,0.413,1.03,1620
GFDL-ESM2G,2.39,1.29,1.81,1.12,2.05,0.36,3.48,282,0.149,0.449,0.403,1.32,2440
GFDL-ESM2M,2.44,1.38,2.23,1.33,1.66,0.41,4.67,256,0.156,0.418,0.427,1.09,1910
GISS-E2-H,2.31,1.65,2.53,1.72,1.46,0.75,8.28,160,0.341,0.312,0.347,0.91,880
GISS-E2-R,2.11,1.79,2.22,1.40,1.67,0.26,2.03,194,0.223,0.350,0.428,0.95,1440
HadGEM2-ES,4.59,0.64,4.60,2.38,0.81,0.30,7.93,321,0.124,0.387,0.488,1.00,1330
INM-CM4,2.08,1.43,2.05,1.29,1.81,0.37,5.57,804,0.182,0.469,0.348,1.01,5280
IPSL-CM5A-LR,4.13,0.75,3.92,2.05,0.95,0.80,15.51,389,0.232,0.329,0.439,1.05,1720
IPSL-CM5B-LR,2.61,1.02,2.43,1.49,1.53,0.69,10.99,186,0.291,0.303,0.405,1.07,1240
MIROC5,2.72,1.52,2.22,1.46,1.67,0.83,5.63,301,0.307,0.348,0.345,1.23,1830
MIROC-ESM,4.67,0.91,3.88,2.15,0.96,0.82,10.21,377,0.213,0.359,0.428,1.21,1630
MPI-ESM-LR,3.63,1.13,3.27,1.98,1.13,1.04,7.35,201,0.275,0.299,0.426,1.11,1030
MPI-ESM-MR,3.44,1.20,3.14,1.95,1.18,0.43,6.06,194,0.217,0.372,0.410,1.09,1000
MPI-ESM-P,3.45,1.25,3.07,1.92,1.21,0.60,7.12,190,0.285,0.307,0.407,1.12,990
MRI-CGCM3,2.60,1.25,2.52,1.69,1.47,0.67,10.03,160,0.293,0.370,0.338,1.03,880
NorESM1-M,2.80,1.11,2.48,1.38,1.49,0.52,6.73,231,0.211,0.314,0.475,1.13,1720
Mean,3.27,1.11,3.09,1.81,1.27,0.77,9.14,265,0.236,0.345,0.419,1.06,1470
Std,0.77,0.39,0.75,0.35,0.32,0.58,7.23,136,0.079,0.072,0.068,0.09,880
Mean IR(2), 	 ,	,3.10,1.81,1.27,3.59,222, 	,0.549,0.451, 	,1.06,1320
Std IR(2), 	 ,	,0.75,0.35,0.32,0.99,108, 	,0.067,0.067, 	,0.09,750
